Square #1:
 1  7 13 19 25
14 20 21  2  8
22  3  9 15 16
10 11 17 23  4
18 24  5  6 12
Sums=65 Center=13

Square #2:
25  1  7 13 19
 8 14 20 21  2
16 22  3  9 15
 4 10 11 17 23
12 18 24  5  6
Sums=65 Center=13

Square #3:
19 25  1  7 13
 2  8 14 20 21
15 16 22  3  9
23  4 10 11 17
 6 12 18 24  5
Sums=65 Center=13

Square #4:
13 19 25  1  7
21  2  8 14 20
 9 15 16 22  3
17 23  4 10 11
 5  6 12 18 24
Sums=65 Center=13

Square #5:
 7 13 19 25  1
20 21  2  8 14
 3  9 15 16 22
11 17 23  4 10
24  5  6 12 18
Sums=65 Center=13

