Square #1:
 1 14 22 10 18
 7 20  3 11 24
13 21  9 17  5
19  2 15 23  6
25  8 16  4 12
All sums = 65, Center = 9

Square #2:
18  1 14 22 10
24  7 20  3 11
 5 13 21  9 17
 6 19  2 15 23
12 25  8 16  4
All sums = 65, Center = 21

Square #3:
10 18  1 14 22
11 24  7 20  3
17  5 13 21  9
23  6 19  2 15
 4 12 25  8 16
All sums = 65, Center = 13

Square #4:
22 10 18  1 14
 3 11 24  7 20
 9 17  5 13 21
15 23  6 19  2
16  4 12 25  8
All sums = 65, Center = 5

Square #5:
14 22 10 18  1
20  3 11 24  7
21  9 17  5 13
 2 15 23  6 19
 8 16  4 12 25
All sums = 65, Center = 17

Square #6:
25  8 16  4 12
 1 14 22 10 18
 7 20  3 11 24
13 21  9 17  5
19  2 15 23  6
All sums = 65, Center = 3

Square #7:
12 25  8 16  4
18  1 14 22 10
24  7 20  3 11
 5 13 21  9 17
 6 19  2 15 23
All sums = 65, Center = 20

Square #8:
 4 12 25  8 16
10 18  1 14 22
11 24  7 20  3
17  5 13 21  9
23  6 19  2 15
All sums = 65, Center = 7

Square #9:
16  4 12 25  8
22 10 18  1 14
 3 11 24  7 20
 9 17  5 13 21
15 23  6 19  2
All sums = 65, Center = 24

Square #10:
 8 16  4 12 25
14 22 10 18  1
20  3 11 24  7
21  9 17  5 13
 2 15 23  6 19
All sums = 65, Center = 11

